0.889067
0.869633
0.499967
0.977633
0.115267
0.587533
0.928667
0.699300
0.903733
0.433800
0.268733
0.676800
0.887233
0.384667
0.263100
0.118000
0.125833
0.274167
0.369667
0.873233
0.126333
0.890933
0.941500
0.947267
0.856800
0.677500
0.078233
0.170900
0.052167
0.464533
0.252400
0.075800
0.785100
0.400733
0.336867
0.956433
0.867167
0.697100
0.926333
0.949400
0.430967
0.064600
0.681700
0.883300
0.076933
0.515200
0.778633
0.458400
0.960100
0.590433
0.678300
0.102933
0.723900
0.128233
0.049733
0.834033
0.977200
0.915367
0.986533
0.704833
0.718100
0.904167
0.232100
0.033633
0.501833
0.281700
0.442567
0.227067
0.273667
0.247733
0.900200
0.786300
0.902667
0.894233
0.289800
0.225800
0.923067
0.454900
0.941033
0.277800
0.300800
0.278367
0.069800
0.304633
0.710633
0.630067
0.298300
0.895833
0.914500
0.536900
0.641267
0.622933
0.165900
0.156433
0.721433
0.175233
0.754500
0.859967
0.926767
0.943967
0.684367
0.987800
0.608700
0.449333
0.213867
0.169767
0.582500
0.539933
0.880433
0.046367
0.587400
0.617000
0.158400
0.901967
0.800167
0.051500
0.879100
0.191233
0.513133
0.159900
0.376000
0.036567
0.934067
0.391367
0.530800
0.245733
0.478367
0.510367
0.275033
0.081500
0.015200
0.418033
0.021633
0.943000
0.616167
0.940733
0.042833
0.669967
0.846700
0.926833
0.662967
0.920333
0.943233
0.185000
0.863067
0.050167
0.827967
0.933000
0.549200
0.213633
0.017733
0.498033
0.393000
0.982333
0.964467
0.497067
0.824200
0.964200
0.587867
0.049167
0.707800
0.020600
0.218000
0.982300
0.915533
0.484767
0.681867
0.813533
0.452433
0.849233
0.913867
0.858733
0.348700
0.805400
0.093700
0.772000
0.332000
0.097233
0.478567
0.243367
0.382133
0.888967
0.768800
0.082000
0.954233
0.570633
0.982333
0.371300
0.978867
0.524433
0.109100
0.591167
0.107667
0.719900
0.968700
0.421067
0.991600
0.674200
0.414767
0.287267
0.947200
0.281167
0.447833
0.144733
0.889167
0.798933
0.553400
0.839400
0.711600
0.208067
0.873833
0.905767
0.929167
0.022567
0.677233
0.930067
0.657400
0.622433
0.458767
0.168100
0.776933
0.186633
0.283500
0.985800
0.422567
0.328300
0.227500
0.958433
0.249900
0.557500
0.800833
0.986833
0.788767
0.292800
0.782267
0.849333
0.552700
0.169767
0.950033
0.801033
0.287600
0.000400
0.722133
0.543900
0.639167
0.928767
0.103367
0.086967
0.925100
0.104667
0.537900
0.478567
0.469000
0.612033
0.962000
0.652533
0.117400
0.370300
0.374167
0.021433
0.373800
0.131667
0.233100
0.528467
0.115867
0.790467
0.837767
0.125233
0.314400
0.934133
0.949333
0.951200
0.575100
0.413700
0.168133
0.098367
0.914133
0.320500
0.782933
0.395300
0.106767
0.851967
0.758433
0.002000
0.778433
0.974600
0.929533
0.810100
0.848133
0.119633
0.137733
0.342900
0.494467
0.755767
0.003500
0.347233
0.002400
0.497733
0.884733
0.715967
0.872433
0.139000
0.863433
0.800033
0.880667
0.949033
0.365167
0.886633
0.520667
0.871800
0.915400
0.583300
0.697667
0.039000
0.773967
0.399067
0.940300
0.153100
0.175067
0.035000
0.217333
0.663067
0.924833
0.166233
0.150233
0.869033
0.990167
0.933267
0.371400
0.590600
0.712767
0.646500
0.468500
0.408367
0.676867
0.522400
0.878400
0.092400
0.020667
0.929167
0.967633
0.767467
0.059133
0.475033
0.751567
0.821233
0.139733
0.377900
0.254800
0.561400
0.179167
0.748867
0.615200
0.290000
0.858333
0.504233
0.750733
0.264800
0.059400
0.945000
0.458433
0.658000
0.947800
0.529200
0.926633
0.967267
0.774967
0.377600
0.022000
0.215433
0.901933
0.273933
0.581233
0.070800
0.626467
0.941767
0.694800
0.680233
0.938100
0.135900
0.909100
0.949500
0.982767
0.505333
0.976000
0.514667
0.143500
0.022000
0.021400
0.870967
0.689467
0.448633
0.701400
0.739967
0.964467
0.152367
0.448967
0.066533
0.673833
0.934533
0.927067
0.617167
0.042167
0.953967
0.685700
0.036500
0.967467
0.553100
0.143767
0.264233
0.768800
0.913633
0.918267
0.257433
0.724200
0.928833
0.350200
0.588633
0.446133
0.223100
0.163800
0.654233
0.691533
0.618800
0.969733
0.112400
0.825867
0.846900
0.812833
0.246700
0.614600
0.783133
0.479600
0.180567
0.440133
0.027600
0.508333
0.621933
0.053467
0.171100
0.723433
0.900533
0.911533
0.033367
0.895567
0.927633
0.260467
0.059067
0.099700
0.839767
0.532133
0.801067
0.220700
0.855000
0.640433
0.715700
0.271000
0.782800
0.115133
0.445933
0.487300
0.912700
0.674167
0.932800
0.757367
0.493333
0.249333
0.653400
0.653167
0.253533
0.172867
0.984000
0.288300
0.401333
0.444133
0.277700
0.718500
0.204767
0.307033
0.085333
0.280233
0.252633
0.574500
0.929067
0.182700
0.851300
0.324733
0.496200
0.681167
0.655767
0.064800
0.621133
0.737200
0.928933
0.453800
0.884400
0.360967
0.259133
0.299400
0.141567
0.735300
0.767767
0.667067
0.070333
0.807267
0.702900
0.339267
0.296200
0.395267
0.145100
0.969400
0.776200
0.296567
0.946267
0.880167
0.250233
0.519867
0.014200
0.249767
0.907667
0.749267
0.871700
0.910167
0.367333
0.674733
0.184933
0.919600
0.609100
0.145033
0.196900
0.805933
0.060267
0.779967
0.028800
0.374633
0.064967
0.989933
0.237200
0.977100
0.266333
0.238233
0.097433
0.670633
0.632833
0.834233
0.848000
0.718600
0.506033
0.907000
0.813167
0.591200
0.493967
0.158100
0.341000
0.045200
0.851200
0.464667
0.565800
0.635767
0.907000
0.994000
0.931533
0.791700
0.407833
0.467333
0.384400
0.284100
0.877933
0.634300
0.353233
0.577700
0.890767
0.022367
0.703733
0.236033
0.764533
0.881767
0.420433
0.779667
0.159167
0.631300
0.998000
0.179667
0.906400
0.661900
0.705900
0.925333
0.284333
0.223400
0.883833
0.774733
0.003600
0.952400
0.993733
0.838833
0.236267
0.155533
0.919800
0.987667
0.434167
0.295267
0.621100
0.927467
0.485633
0.788700
0.199633
0.851100
0.149933
0.124133
0.396067
0.589867
0.947633
0.198733
0.773967
0.940333
0.352000
0.585733
0.852000
0.032767
0.645467
0.490467
0.923133
0.278367
0.234733
0.050767
0.940000
0.088567
0.688067
0.215333
0.030833
0.126967
0.474267
0.775967
0.507167
0.906000
0.877400
0.992900
0.202433
0.476400
0.500833
0.327600
0.305200
0.183200
0.034033
0.124700
0.607500
0.021167
0.777500
0.712400
0.811700
0.893367
0.130600
0.178667
0.076433
0.245133
0.973100
0.687033
0.596833
0.746233
0.215400
0.206700
0.646733
0.362500
0.796967
0.807667
0.117700
0.208867
0.771600
0.474933
0.460900
0.166933
0.927733
0.319933
0.750467
0.942900
0.347633
0.343733
0.260700
0.533567
0.014100
0.330533
0.522900
0.155367
0.683367
0.591400
0.086100
0.103700
0.725967
0.020300
0.688667
0.814533
0.708033
0.588600
0.795667
0.247400
0.910867
0.865800
0.373300
0.956633
0.795267
0.333633
0.316700
0.792733
0.590067
0.746367
0.436433
0.474367
0.427033
0.900233
0.825033
0.013833
0.815100
0.644167
0.509567
0.800767
0.667333
0.282867
0.951367
0.887667
0.609033
0.975500
0.874067
0.940400
0.344467
0.460800
0.006000
0.223800
0.173100
0.015500
0.601700
0.822000
0.547900
0.858000
0.191333
0.169033
0.412100
0.043900
0.378500
0.979600
0.881733
0.740767
0.507567
0.213800
0.936300
0.489267
0.056500
0.196900
0.601433
0.773567
0.683333
0.288267
0.636067
0.777833
0.833467
0.641533
0.782500
0.865967
0.552700
0.993000
0.857967
0.661633
0.714867
0.935833
0.964033
0.695633
0.354267
0.254900
0.796533
0.664333
0.875367
0.008000
0.528267
0.258233
0.224633
0.872333
0.974433
0.390900
0.676667
0.330200
0.949467
0.867300
0.803767
0.097833
0.694667
0.110700
0.920500
0.751267
0.521467
0.167000
0.023700
0.243933
0.028067
0.246200
0.116200
0.529867
0.819033
0.936733
0.462500
0.738967
0.983833
0.153633
0.673400
0.787267
0.968833
0.850567
0.399767
0.464233
0.088133
0.309900
0.357900
0.812767
0.639067
0.648367
0.992000
0.174033
0.780033
0.152367
0.779500
0.471133
0.895200
0.001733
0.843267
0.000000
0.307533
0.842167
0.952900
0.560533
0.698400
0.927933
0.952000
0.783233
0.955333
0.288633
0.907600
0.171567
0.790900
0.910900
0.134767
0.732000
0.562467
0.733200
0.172233
0.088600
0.316200
0.942333
0.781867
0.794567
0.758100
0.294600
0.189767
0.873300
0.958767
0.981267
0.078433
0.671533
0.366133
0.650567
0.929200
0.113667
0.041833
0.688500
0.747467
0.770433
0.794733
0.317167
0.292533
0.870767
0.796167
0.830533
0.658900
0.395133
0.558233
0.906567
0.391367
0.817633
0.405800
0.299500
0.920133
0.885867
0.263100
0.588533
0.428833
0.894500
0.027167
0.105933
0.089967
0.666733
0.831300
0.131833
0.192000
0.357433
0.405200
0.900567
0.369000
0.827933
0.752833
0.849000
0.426700
0.107167
0.895033
0.000000
0.507667
0.198500
0.984000
0.996000
0.344133
0.301867
0.593900
0.982833
0.154600
0.372567
0.864567
0.870833
0.367400
0.870200
0.278767
0.167400
0.410833
0.626833
0.011600
0.356367
0.848733
0.052700
0.479900
0.970933
0.657767
0.231167
0.052700
0.021700
0.857533
0.062333
0.154667
0.056667
0.847800
0.709833
0.245267
0.959867
0.780800
0.986667
0.232067
0.766867
0.308467
0.004000
0.188333
0.364333
0.559800
0.236367
0.784467
0.124200
0.689067
0.868333
0.310900
0.195767
0.028667
0.146233
0.180433
0.757967
0.360500
0.257400
0.258800
0.646067
0.681067
0.664233
0.675133
0.027000
0.713033
0.285533
0.922867
0.390933
0.050433
0.378833
0.487167
0.938333
0.932233
0.858400
0.627033
0.943500
0.155833
0.848300
0.207500
0.280900
0.052433
0.855933
0.863900
0.382700
0.047700
0.680667
0.776500
0.174233
0.481033
0.866333
0.152733
0.912433
0.159200
0.215233
0.819500
0.501100
0.158200
0.627033
0.639967
0.110700
0.876233
0.945067
0.560333
0.760633
0.078633
0.667400
0.929467
0.614067
0.101033
0.628333
0.290933
0.262367
0.404900
0.312133
0.758267
0.391733
0.868100
0.753433
0.321633
0.484633
0.619333
0.913400
0.605900
0.757867
0.488100
0.317800
0.521633
0.857300
0.961000
0.548500
0.386033
0.749333
0.241300
0.714533
0.531700
0.617900
0.576933
0.513933
0.396267
0.278367
0.858000
0.951933
0.254700
0.475500
0.943067
0.972300
0.564767
0.250167
0.959767
0.132200
0.261833
0.966933
0.836600
0.778833
0.958467
0.154367
0.848267
0.041233
0.384033
0.358000
0.184867
0.927100
0.186433
0.371267
0.410900
0.594133
0.739300
0.370800
0.338800
0.476500
0.847767
0.997000
0.956400
0.749600
0.656267
0.938333
0.363633
0.815333
0.877333
0.589233
0.417667
0.573633
0.892500
0.097500
0.427633
0.077933
0.978500
0.952500
0.232167
0.690800
0.968367
0.953333
0.946933
0.970267
0.794033
0.783400
0.366500
0.222300
0.986000
0.058767
0.669833
0.937933
0.443733
0.451733
0.703167
0.429333
0.308167
0.018067
0.725133
0.210767
0.926600
0.882067
0.122167
0.644400
0.036533
0.746200
0.168667
0.106833
0.174033
0.705800
0.476700
0.611633
0.261833
0.096900
0.967967
0.103533
0.617200
0.302233
0.103567
0.120333
0.626900
0.972833
0.876300
0.324633
0.105167
0.712900
0.538700
0.614033
0.366967
0.443100
0.443967
0.392433
0.725433
0.720700
0.994667
0.877233
0.043333
0.758033
0.961967
0.689267
0.686033
0.321233
0.815333
0.940067
0.896400
0.014633
0.293800
0.008800
0.820000
0.362733
0.769867
0.869733
0.051867
0.652733
0.282433
0.934500
0.016933
0.988833
0.098867
0.967233
0.650533
0.108233
0.779867
0.930633
0.069833
0.727100
0.545633
0.390533
0.073300
0.918900
0.883900
0.936433
0.041933
0.801867
0.286567
0.250067
0.176000
0.976300
0.307000
0.341600
0.566767
0.941833
0.288467
0.711900
0.010933
0.933833
0.903200
0.966567
0.523933
0.932633
0.460567
0.902567
0.491900
0.418967
0.883733
0.313667
0.755400
0.105800
0.953300
0.102533
0.861933
0.074200
0.709533
0.664567
0.775833
0.301833
0.699567
0.490567
0.497067
0.577200
0.968600
0.503767
0.631933
0.697000
0.291733
0.965133
0.885000
0.963667
0.765833
0.767467
0.836200
0.913500
0.228767
0.472567
0.681567
0.165000
0.813100
0.677767
0.328933
0.907400
0.186267
0.098833
0.038567
0.551233
0.175467
0.107200
0.096867
0.878400
0.708867
0.134633
0.401100
0.560100
0.440300
0.778600
0.228300
0.760267
0.680500
0.844533
0.878267
0.899467
0.989833
0.408200
0.578933
0.950267
0.940500
0.906400
0.576667
0.064800
0.405233
0.130300
0.921000
0.813567
0.815633
0.721333
0.358900
0.976600
0.981333
0.812800
0.798667
0.901133
0.859633
0.651700
0.247000
0.752800
0.681533
0.413333
0.303867
0.761233
0.881500
0.971900
0.285233
0.015567
0.877067
0.711633
0.245300
0.012733
0.657367
0.921433
0.190767
0.247900
0.057500
0.880600
0.532167
0.314833
0.764000
0.894733
0.872900
0.628233
0.876200
0.678133
0.775300
0.580200
0.803533
0.321567
0.934033
0.518567
0.115900
0.067800
0.257567
0.817100
0.245400
0.097467
0.782000
0.558400
0.792100
0.403600
0.017900
0.236800
0.900267
0.486500
0.552967
0.953600
0.477067
0.828233
0.621267
0.270567
0.266567
0.715333
0.141800
0.938767
0.989333
0.851133
0.908333
0.948100
0.996000
0.355433
0.979667
0.605000
0.949367
0.975767
0.267367
0.594433
0.977800
0.845167
0.121600
0.655500
0.252200
0.185633
0.814300
0.943267
0.663400
0.617600
0.728700
0.956100
0.855133
0.937000
0.662367
0.955733
0.539233
0.737967
0.545933
0.994000
0.000000
0.558033
0.358733
0.963267
0.699600
0.314100
0.304467
0.818933
0.513367
0.693033
0.636867
0.053400
0.485700
0.930233
0.555767
0.058667
0.769700
0.835467
0.551267
0.931700
0.892733
0.681133
0.292533
0.166933
0.069800
0.249833
0.487500
0.780433
0.768500
0.816300
0.256300
0.019100
0.825233
0.017000
0.933900
0.845800
0.408100
0.218667
0.315800
0.527333
0.833500
0.469100
0.250500
0.304333
0.624400
0.482067
0.894767
0.021667
0.875700
0.888600
0.301467
0.400700
0.605000
0.018067
0.084100
0.261100
0.760467
0.674000
0.516400
0.045500
0.329167
0.360400
0.328433
0.148867
0.972667
0.014267
0.885433
0.839800
0.281967
0.322633
0.329533
0.138500
0.293267
0.077000
0.385400
0.793867
0.643000
0.738867
0.486633
0.428467
0.335933
0.486567
0.682767
0.882700
0.516267
0.389933
0.461333
0.361667
0.880700
0.610400
0.856333
0.880600
0.332433
0.943967
0.170100
0.488133
0.932267
0.799467
0.380867
0.772500
0.146067
0.241200
0.215600
0.925633
0.296667
0.356900
0.916733
0.005500
0.238767
0.840200
0.803267
0.335600
0.033400
0.219333
0.199700
0.209433
0.789367
0.809333
0.131467
0.746400
0.492400
0.791233
0.970000
0.135633
0.934733
0.242633
0.799133
0.202300
0.427167
0.669167
0.559333
0.502633
0.012100
0.227900
0.945533
0.805467
0.595700
0.932633
0.751667
0.952167
0.760833
0.031400
0.006600
0.068467
0.810333
0.436500
0.096000
0.148967
0.957167
0.228233
0.008667
0.959900
0.000000
0.365700
0.790433
0.963967
0.528000
0.518100
0.785667
0.852200
0.296633
0.747900
0.485367
0.130367
0.215933
0.894633
0.965633
0.430700
0.829833
0.025333
0.807300
0.778167
0.926767
0.714967
0.883200
0.803033
0.477700
0.962333
0.801733
0.711167
0.870033
0.808567
0.837100
0.408233
0.860567
0.835233
0.988000
0.447467
0.363233
0.057000
0.590333
0.560400
0.379733
0.839967
0.272600
0.937200
0.788333
0.987200
0.707800
0.938567
0.464833
0.075500
0.749533
0.915467
0.839867
0.784467
0.661233
0.884133
0.454600
0.910433
0.998000
0.658900
0.421033
0.901033
0.899133
0.410033
0.019667
0.102800
0.768067
0.966467
0.131867
0.712333
0.736300
0.679567
0.858400
0.801967
0.415767
0.820667
0.314067
0.116900
0.751833
0.055267
0.235033
0.865400
0.041233
0.738033
0.885633
0.817033
0.817500
0.945200
0.188633
0.646067
0.254033
0.279067
0.701100
0.964100
0.977733
0.269200
0.552567
0.817933
0.923000
0.776533
0.224033
0.016300
0.223467
0.630033
0.096367
0.580933
0.524933
0.933567
0.320000
0.295833
0.255367
0.709233
0.774567
0.257333
0.742533
0.283900
0.901367
0.747267
0.175567
0.993000
0.187100
0.804000
0.732000
0.526700
0.284300
0.801233
0.944300
0.366800
0.519367
0.128633
0.698600
0.652667
0.941800
0.402600
0.816667
0.097100
0.246367
0.273333
0.837200
0.727733
0.367300
0.735900
0.522800
0.934900
0.711267
0.379367
0.984000
0.359433
0.187300
0.924667
0.836167
0.034000
0.958167
0.614000
0.780400
0.733900
0.284733
0.937833
0.787533
0.920433
0.101433
0.837200
0.780133
0.510800
0.734967
0.812600
0.091133
0.246467
0.481567
0.682900
0.113700
0.923200
0.072400
0.014733
0.220033
0.806033
0.889200
0.232433
0.831533
0.256667
0.305833
0.797500
0.019267
0.742233
0.250633
0.282767
0.521567
0.051800
0.148333
0.298200
0.042900
0.363033
0.969700
0.967167
0.349867
0.063600
0.226133
0.588867
0.377167
0.362200
0.866500
0.989067
0.530667
0.918800
0.534300
0.384967
0.297367
0.912267
0.855800
0.776900
0.982667
0.146400
0.725900
0.757333
0.986733
0.796700
0.711733
0.821233
0.414433
0.120133
0.364933
0.072833
0.886333
0.879367
0.161800
0.789167
0.764800
0.274900
0.213867
0.154167
0.963533
0.390433
0.050500
0.598133
0.833933
0.798533
0.966533
0.291167
0.506467
0.927733
0.947033
0.668300
0.689133
0.963833
0.683100
0.765867
0.975700
0.864200
0.430900
0.264100
0.927033
0.015133
0.868533
0.064000
0.493333
0.768733
0.835467
0.214633
0.660233
0.429233
0.008267
0.678833
0.399400
0.307333
0.286433
0.424100
0.813800
0.905967
0.255300
0.038333
0.674300
0.379267
0.517700
0.726600
0.308000
0.968867
0.208267
0.180500
0.326000
0.835867
0.595167
0.452600
0.265600
0.849767
0.920433
0.910900
0.604600
0.698900
0.677867
0.907900
0.440433
0.820467
0.231367
0.707067
0.346233
0.342033
0.303967
0.981833
0.817367
0.995000
0.790933
0.779267
0.946300
0.718500
0.936967
0.394600
0.141867
0.508867
0.595700
0.775967
0.481467
0.279200
0.164733
0.931633
0.657367
0.097767
0.830933
0.887633
0.371200
0.673333
0.361400
0.751700
0.537733
0.388900
0.530467
0.948567
0.034233
0.807567
0.903667
0.684200
0.911200
0.299533
0.185500
0.334367
0.960500
0.620000
0.296067
0.684233
0.942300
0.611467
0.832467
0.910733
0.888167
0.853367
0.484500
0.936033
0.945867
0.329467
0.198733
0.267500
0.608100
0.002000
0.353100
0.793167
0.873600
0.340800
0.181567
0.668633
0.115000
0.953800
0.314500
0.716867
0.992833
0.946067
0.070233
0.851100
0.336967
0.754000
0.546533
0.564033
0.794400
0.959600
0.506067
0.872833
0.198567
0.809933
0.885267
0.464433
0.025867
0.212500
0.074400
0.585067
0.164600
0.899767
0.256933
0.154333
0.727400
0.027400
0.899900
0.829833
0.230267
0.193300
0.178800
0.649600
0.631033
0.927967
0.510067
0.084067
0.380367
0.896133
0.605567
0.184567
0.920600
0.878667
0.233033
0.102267
0.140267
0.236933
0.954367
0.045467
0.092700
0.239500
0.966367
0.747467
0.798900
0.950367
0.945367
0.692567
0.317300
0.156867
0.343733
0.412200
0.706267
0.147333
0.573133
0.978300
0.119000
0.994600
0.372400
0.946167
0.409867
0.179600
0.072233
0.794733
0.453733
0.084100
0.243367
0.314633
0.816833
0.307767
0.336933
0.828567
0.307600
0.920967
0.213800
0.696067
0.896300
0.934167
0.528433
0.865100
0.858500
0.115467
0.776933
0.010000
0.872333
0.949067
0.105967
0.414400
0.221533
0.350700
0.988600
0.297233
0.417000
0.985333
0.642833
0.189533
0.751067
0.749833
0.284467
0.235500
0.922100
0.892200
0.985600
0.451367
0.758467
0.340800
0.996600
0.370300
0.892100
0.848233
0.312700
0.015567
0.985300
0.048967
0.254700
0.357567
0.647067
0.766533
0.582800
0.932467
0.886633
0.234933
0.390867
0.787300
0.809500
0.179133
0.781267
0.542900
0.560533
0.431467
0.300000
0.044833
0.247633
0.248633
0.823000
0.499333
0.809100
0.389500
0.145100
0.732400
0.884300
0.074567
0.576900
0.715633
0.861200
0.829000
0.578600
0.281567
0.250233
0.306367
0.488167
0.973500
0.945067
0.437400
0.163133
0.349800
0.885333
0.564367
0.510000
0.702400
0.696600
0.852600
0.808033
0.349433
0.288733
0.569633
0.954067
0.783600
0.046900
0.134133
0.462900
0.652367
0.750467
0.641767
0.893833
0.185167
0.353267
0.610233
0.996000
0.043000
0.902500
0.260267
0.862700
0.970333
0.830300
0.989500
0.339767
0.477467
0.972033
0.357933
0.138833
0.077967
0.361400
0.479000
0.152567
0.198100
0.766500
0.187433
0.868767
0.458000
0.733133
0.900467
0.949000
0.899433
0.875200
0.384133
0.166800
0.759967
0.438733
0.846667
0.145600
0.632900
0.937900
0.737167
0.733667
0.746167
0.201733
0.865433
0.372767
0.313000
0.196967
0.832000
0.165200
0.249567
0.891467
0.950333
0.831833
0.655500
0.108633
0.937400
0.128733
0.950733
0.719033
0.974800
0.158733
0.769567
0.314300
0.314233
0.843433
0.751667
0.118100
0.769033
0.899967
0.770233
0.106333
0.395667
0.459967
0.506967
0.169800
0.467733
0.968033
0.747000
0.576900
0.436867
0.363533
0.169767
0.208667
0.234200
0.733667
0.762000
0.024533
0.186300
0.527767
0.804100
0.956767
0.874167
0.881700
0.851867
0.894933
0.839133
0.743967
0.929500
0.127733
0.007667
0.838967
0.551933
0.798700
0.170600
0.008667
0.001333
0.704367
0.306667
0.426100
0.611300
0.907667
0.794100
0.346000
0.648267
0.101467
0.391500
0.153600
0.058633
0.961367
0.154167
0.329667
0.211933
0.436600
0.795967
0.366633
0.120033
0.466833
0.239333
0.109733
0.854800
0.647567
0.889133
0.933500
0.144567
0.715300
0.090433
0.405333
0.584733
0.977033
0.221433
0.194067
0.791800
0.777633
0.875500
0.700733
0.934733
0.431100
0.840167
0.335167
0.827400
0.980400
0.289200
0.762800
0.924300
0.193800
0.096200
0.273033
0.710500
0.502600
0.025000
0.776733
0.515767
0.016000
0.973667
0.212467
0.043533
0.051900
0.060967
0.493833
0.954867
0.389200
0.979067
0.985500
0.456600
0.991500
0.860333
0.384567
0.346533
0.758733
0.662900
0.806867
0.224500
0.020467
0.260800
0.779667
0.768000
0.501167
0.080067
0.700000
0.705567
0.723700
0.938800
0.017167
0.057833
0.454833
0.914600
0.979733
0.526167
0.542500
0.127033
0.357667
0.915433
0.529200
0.693067
0.387300
0.786067
0.876967
0.104733
0.772567
0.308100
0.031033
0.245700
0.251967
0.102100
0.305767
0.182833
0.574367
0.182967
0.920633
0.870600
0.779767
0.948000
0.437833
0.976500
0.916200
0.656467
0.144267
0.596200
0.710767
0.439900
0.988833
0.052933
0.917100
0.720400
0.816500
0.732467
0.602067
0.717167
0.140067
0.901867
0.852367
0.387067
0.757033
0.941433
0.985600
0.756800
0.741633
0.000000
0.518933
0.898933
0.310300
0.957533
0.763500
0.145133
0.994800
0.153667
0.549667
0.891133
0.821167
0.227800
0.440100
0.368100
0.111033
0.861067
0.365133
0.565267
0.994800
0.224200
0.846767
0.255700
0.909867
0.897000
0.964833
0.979500
0.693633
0.863867
0.854667
0.379133
0.375667
0.242200
0.020467
0.773767
0.379100
0.197133
0.306767
0.175767
0.290800
0.802733
0.164600
0.978800
0.769567
0.788000
0.287767
0.893200
0.249800
0.427233
0.929867
0.686667
0.492833
0.919500
0.962100
0.689167
0.721467
0.254633
0.305233
0.320600
0.946300
0.176067
0.282133
0.036767
0.906633
0.022333
0.357733
0.805233
0.340167
0.129500
0.756800
0.871400
0.213200
0.880333
0.802600
0.798033
0.224567
0.984900
0.971500
0.128433
0.850967
0.016000
0.026167
0.814733
0.936167
0.556233
0.537633
0.418367
0.835400
0.828533
0.939667
0.794033
0.958800
0.942367
0.651333
0.980333
0.386433
0.856200
0.103100
0.154900
0.775900
0.584267
0.631400
0.039400
0.381733
0.102967
0.346000
0.535400
0.931733
0.272800
0.765600
0.034567
0.880867
0.821100
0.979200
0.528167
0.235633
0.476700
0.560767
0.291633
0.563967
0.046767
0.133500
0.939533
0.766167
0.976333
0.022500
0.015667
0.728633
0.788967
0.503833
0.899833
0.300733
0.733367
0.064067
0.306867
0.337800
0.103300
0.821033
0.044300
0.181567
0.835533
0.455233
0.393167
0.951567
0.688600
0.902300
0.977333
0.811967
0.506567
0.906267
0.671267
0.123700
0.838500
0.157400
0.995767
0.540500
0.637233
0.262867
0.174633
0.927367
0.130000
0.188300
0.738300
0.782600
0.091467
0.825133
0.125200
0.379600
0.603733
0.883933
0.045733
0.387633
0.893367
0.265367
0.828533
0.935067
0.963367
0.441533
0.727333
0.262133
0.472967
0.131567
0.950233
0.696367
0.267233
