0.455200
0.481233
0.434500
0.683567
0.509567
0.490133
0.752667
0.508033
0.609367
0.489900
0.479067
0.540833
0.530300
0.505000
0.466067
0.135467
0.367200
0.480767
0.522567
0.471200
0.220533
0.538400
0.763600
0.521667
0.410800
0.505667
0.316933
0.501067
0.446533
0.628533
0.464433
0.312867
0.617567
0.430367
0.489233
0.673233
0.542200
0.638633
0.730400
0.508267
0.512867
0.402833
0.416667
0.841333
0.076500
0.313700
0.618267
0.441500
0.769567
0.633833
0.513733
0.256833
0.492833
0.320900
0.198667
0.437700
0.812900
0.588233
0.872067
0.512967
0.556267
0.504100
0.403900
0.145433
0.576100
0.358333
0.484500
0.504667
0.414167
0.463967
0.701333
0.545267
0.567267
0.439800
0.441233
0.518100
0.466833
0.502800
0.675467
0.520300
0.435500
0.404367
0.375000
0.316233
0.524867
0.561133
0.414767
0.508200
0.810300
0.517033
0.719900
0.488200
0.494667
0.302433
0.501467
0.427900
0.525567
0.579500
0.512900
0.506733
0.519200
0.869200
0.637900
0.420633
0.503633
0.423900
0.583600
0.578400
0.701533
0.326467
0.549900
0.489167
0.401600
0.769900
0.457400
0.147067
0.615267
0.517533
0.590700
0.333767
0.444333
0.413433
0.785300
0.451833
0.417867
0.486767
0.506433
0.487067
0.427133
0.293567
0.118633
0.487400
0.136233
0.507467
0.490067
0.708133
0.315100
0.479567
0.536900
0.549300
0.892533
0.455233
0.551433
0.504933
0.729667
0.310933
0.657167
0.606000
0.634900
0.478600
0.074300
0.433933
0.418200
0.760867
0.826733
0.477867
0.647667
0.497133
0.486000
0.312733
0.527467
0.138500
0.291600
0.977067
0.648833
0.451933
0.582767
0.493633
0.556567
0.482767
0.867067
0.567433
0.517800
0.514867
0.362800
0.585767
0.453567
0.466233
0.477933
0.309600
0.474067
0.499500
0.484467
0.346733
0.456833
0.573800
0.929667
0.482667
0.801533
0.417700
0.336567
0.575200
0.296800
0.450433
0.846567
0.446200
0.800833
0.508733
0.575633
0.221067
0.700600
0.391100
0.453500
0.414233
0.651833
0.494833
0.486667
0.482500
0.567567
0.426367
0.474233
0.697233
0.915000
0.381467
0.548133
0.545167
0.632167
0.419933
0.450500
0.388400
0.660800
0.455067
0.290233
0.695967
0.552533
0.495233
0.445567
0.599867
0.222667
0.535433
0.602367
0.888100
0.667333
0.496933
0.653233
0.922400
0.731933
0.332800
0.680333
0.765333
0.557067
0.153667
0.615367
0.478200
0.509733
0.513200
0.296100
0.220867
0.559967
0.162967
0.464200
0.547700
0.552233
0.473433
0.794300
0.459167
0.467500
0.484133
0.475167
0.087067
0.534667
0.469733
0.447233
0.704000
0.519267
0.901233
0.838767
0.524433
0.743167
0.713500
0.522367
0.725500
0.481100
0.480667
0.475933
0.392833
0.729667
0.402000
0.432200
0.557100
0.383633
0.830967
0.589733
0.082300
0.621733
0.861833
0.823800
0.583833
0.607167
0.494833
0.412700
0.484367
0.443033
0.712733
0.102133
0.468767
0.026700
0.573967
0.636700
0.552800
0.453800
0.481233
0.545233
0.460600
0.475433
0.803900
0.521967
0.622933
0.442267
0.480400
0.697600
0.489300
0.506467
0.217300
0.653467
0.473800
0.491300
0.490300
0.388333
0.237100
0.579333
0.600900
0.684800
0.505433
0.500933
0.698067
0.990500
0.493900
0.423500
0.729200
0.493933
0.705967
0.474267
0.458800
0.784467
0.809400
0.804033
0.261867
0.204667
0.460333
0.653533
0.523200
0.310500
0.337733
0.498767
0.410833
0.445300
0.459967
0.399333
0.443700
0.507667
0.478100
0.790767
0.407900
0.527767
0.344567
0.512933
0.487500
0.297533
0.642367
0.658000
0.499200
0.716467
0.488233
0.646967
0.871233
0.594100
0.493567
0.379733
0.259233
0.654300
0.414933
0.447300
0.372367
0.509633
0.764700
0.496867
0.457367
0.554100
0.424233
0.631033
0.437100
0.886500
0.505267
0.741833
0.851667
0.578167
0.105533
0.146533
0.534833
0.515400
0.494067
0.514833
0.492767
0.824033
0.216833
0.495067
0.106467
0.456500
0.813633
0.799633
0.453733
0.373333
0.812100
0.567400
0.320333
0.762633
0.599233
0.376400
0.410167
0.483867
0.654233
0.542200
0.462667
0.690067
0.760333
0.469733
0.546200
0.502433
0.481867
0.530233
0.660100
0.691000
0.420967
0.575400
0.444167
0.787700
0.656133
0.660767
0.552967
0.655600
0.572133
0.320600
0.202633
0.475333
0.082833
0.462200
0.599100
0.261167
0.437133
0.461867
0.639100
0.445367
0.288200
0.645767
0.586400
0.516900
0.288133
0.416000
0.659500
0.550267
0.728333
0.478200
0.519400
0.435600
0.529400
0.482767
0.522633
0.216967
0.473367
0.584867
0.844000
0.446567
0.568967
0.640867
0.522800
0.517400
0.456967
0.533533
0.364300
0.220133
0.951500
0.407400
0.525000
0.530600
0.245833
0.906033
0.553400
0.491800
0.287867
0.463033
0.388300
0.661733
0.556067
0.235500
0.883367
0.382733
0.424567
0.507067
0.454433
0.156667
0.613200
0.590533
0.722567
0.505467
0.678967
0.512167
0.279667
0.495233
0.462100
0.443433
0.521667
0.459233
0.292200
0.500300
0.462133
0.436000
0.438567
0.437400
0.393467
0.839700
0.556367
0.321333
0.819333
0.517900
0.416833
0.457267
0.112500
0.571133
0.866333
0.505300
0.688500
0.575733
0.514400
0.450033
0.470333
0.752300
0.455367
0.181567
0.351067
0.592933
0.060500
0.580067
0.175667
0.462867
0.271367
0.938933
0.452933
0.945500
0.463067
0.453400
0.431867
0.507667
0.604733
0.562133
0.568100
0.582767
0.505500
0.711400
0.569133
0.489500
0.390233
0.361700
0.478200
0.345767
0.679533
0.472467
0.640100
0.554767
0.650667
0.980000
0.484300
0.543267
0.440333
0.446167
0.545367
0.470200
0.765867
0.732733
0.514567
0.472333
0.698433
0.143733
0.457133
0.495533
0.539533
0.605833
0.497167
0.581100
0.352200
0.549767
0.776300
0.296567
0.628533
0.522733
0.543567
0.563867
0.441567
0.396233
0.575467
0.567167
0.188700
0.822167
0.954000
0.664367
0.438500
0.442567
0.662167
0.896000
0.461600
0.470633
0.628967
0.638533
0.515767
0.420067
0.434400
0.831433
0.339133
0.462167
0.451567
0.464800
0.779100
0.453267
0.500467
0.765900
0.472233
0.730800
0.471333
0.315000
0.455067
0.690667
0.594900
0.577900
0.490133
0.202367
0.770500
0.416900
0.471500
0.475167
0.324667
0.378367
0.373733
0.960500
0.588867
0.569800
0.676733
0.752900
0.408133
0.484233
0.444467
0.461767
0.522100
0.271767
0.219567
0.473567
0.486900
0.162233
0.572000
0.543467
0.531933
0.870500
0.392467
0.557833
0.350133
0.516567
0.640500
0.483967
0.489333
0.530467
0.316733
0.415700
0.550900
0.446933
0.689767
0.578800
0.332833
0.548000
0.593633
0.503600
0.429967
0.307767
0.489400
0.641233
0.465267
0.745867
0.521900
0.475633
0.463200
0.509500
0.100500
0.450500
0.507700
0.440700
0.479700
0.449067
0.476567
0.291767
0.642100
0.114567
0.473300
0.477433
0.455767
0.588667
0.868600
0.315700
0.773933
0.606433
0.486967
0.657400
0.802500
0.515267
0.436267
0.553967
0.430133
0.501567
0.441700
0.452467
0.539100
0.477700
0.814100
0.183167
0.646200
0.469800
0.477867
0.615767
0.543867
0.490833
0.744767
0.455067
0.436700
0.961333
0.724733
0.830500
0.487033
0.500733
0.064500
0.181233
0.519633
0.149167
0.511367
0.723600
0.808400
0.450500
0.559767
0.533400
0.448300
0.154133
0.406800
0.552833
0.800800
0.466267
0.683633
0.513933
0.667100
0.577933
0.205333
0.394667
0.507333
0.682933
0.578400
0.477400
0.598533
0.590300
0.533200
0.808100
0.539333
0.454233
0.442300
0.952800
0.493467
0.533300
0.497233
0.524633
0.636533
0.584733
0.379900
0.521200
0.507967
0.427300
0.821000
0.095500
0.462333
0.386833
0.484800
0.535433
0.956400
0.475800
0.515900
0.364200
0.547200
0.675767
0.452467
0.443267
0.458400
0.327200
0.813300
0.523000
0.463300
0.476600
0.107500
0.332267
0.183933
0.444967
0.333033
0.439433
0.454467
0.822833
0.490000
0.464367
0.859933
0.476067
0.494833
0.770200
0.769600
0.896400
0.506700
0.453500
0.332900
0.345033
0.421667
0.529733
0.572067
0.526667
0.779700
0.139467
0.486967
0.470633
0.771533
0.522033
0.515633
0.059500
0.510100
0.109200
0.416600
0.342100
0.581600
0.529867
0.838733
0.613867
0.616700
0.577733
0.581067
0.487533
0.412500
0.479767
0.538400
0.525700
0.479233
0.557867
0.494167
0.645667
0.168667
0.432233
0.454933
0.606667
0.456867
0.520500
0.582767
0.322200
0.356400
0.602833
0.869667
0.787400
0.397433
0.831167
0.551867
0.633833
0.755400
0.278300
0.126100
0.637500
0.589133
0.518000
0.769500
0.468367
0.439000
0.466733
0.505000
0.735700
0.533767
0.486867
0.499633
0.719167
0.515967
0.602500
0.522467
0.484567
0.834767
0.717600
0.481900
0.515933
0.638033
0.706300
0.087367
0.430133
0.430600
0.570167
0.631433
0.258933
0.445100
0.362100
0.229833
0.915567
0.478233
0.657267
0.447167
0.596500
0.510000
0.361833
0.727267
0.064000
0.464700
0.402133
0.582300
0.944200
0.513700
0.464133
0.526767
0.495733
0.410133
0.472833
0.721667
0.592167
0.394467
0.940367
0.753800
0.386433
0.491667
0.467633
0.166867
0.468900
0.437067
0.456433
0.429233
0.786333
0.481733
0.434533
0.099833
0.236733
0.554133
0.248867
0.392733
0.231033
0.862467
0.782067
0.502500
0.645667
0.533167
0.972833
0.272600
0.627533
0.502533
0.171833
0.464233
0.486600
0.456633
0.441467
0.520533
0.212267
0.605267
0.866433
0.290833
0.450700
0.116600
0.438533
0.299600
0.675400
0.387867
0.099133
0.352733
0.505867
0.504700
0.508933
0.406900
0.290033
0.726833
0.265967
0.597667
0.542333
0.222167
0.454800
0.303867
0.709300
0.766700
0.826033
0.546000
0.564700
0.441133
0.796267
0.409467
0.459733
0.130800
0.557067
0.496533
0.629967
0.102467
0.677300
0.641067
0.443067
0.466700
0.649533
0.418933
0.628900
0.285033
0.448833
0.750267
0.508700
0.394400
0.709733
0.518867
0.336133
0.817100
0.895133
0.459800
0.536100
0.411233
0.624733
0.546700
0.450033
0.239100
0.472867
0.314567
0.575400
0.439100
0.548767
0.538900
0.576667
0.824333
0.648433
0.417033
0.465033
0.403133
0.737900
0.476333
0.591400
0.470400
0.491733
0.399633
0.753567
0.665100
0.517433
0.561267
0.870000
0.345167
0.666767
0.494333
0.647033
0.640667
0.371167
0.418900
0.403033
0.699900
0.768567
0.472300
0.478833
0.660667
0.730867
0.558533
0.476267
0.513233
0.138167
0.743933
0.744733
0.598300
0.646867
0.553367
0.312933
0.785667
0.303867
0.623067
0.442667
0.485433
0.469500
0.551633
0.468433
0.619633
0.611467
0.444100
0.505200
0.463467
0.515700
0.676167
0.950267
0.697933
0.638333
0.862267
0.872500
0.507900
0.641933
0.698633
0.551600
0.432200
0.640200
0.755167
0.152000
0.462500
0.322100
0.819167
0.772733
0.524167
0.486200
0.933067
0.570633
0.690933
0.586800
0.562933
0.726300
0.515300
0.472200
0.701267
0.417133
0.754167
0.746167
0.502867
0.478033
0.917733
0.492933
0.467933
0.208600
0.611600
0.197467
0.545633
0.780267
0.382200
0.524667
0.191700
0.502800
0.404100
0.432400
0.475600
0.530800
0.393600
0.436333
0.492800
0.321733
0.784600
0.196000
0.539533
0.504967
0.442100
0.384967
0.464367
0.601633
0.534967
0.508167
0.290133
0.512567
0.420367
0.420067
0.515900
0.489533
0.425033
0.467367
0.535733
0.560433
0.902433
0.504900
0.532500
0.508900
0.890633
0.454200
0.486467
0.517300
0.652533
0.563267
0.705067
0.281033
0.435567
0.085100
0.775767
0.580933
0.515000
0.580600
0.344600
0.482700
0.322433
0.489400
0.140333
0.851767
0.363900
0.937500
0.488167
0.344767
0.557000
0.747000
0.273733
0.600800
0.645000
0.404867
0.225433
0.909500
0.559033
0.725333
0.200800
0.584867
0.514367
0.481533
0.168200
0.872867
0.473067
0.482300
0.421467
0.855933
0.481800
0.460133
0.090567
0.410500
0.873067
0.761267
0.400533
0.501700
0.445500
0.933567
0.480467
0.475567
0.489100
0.538933
0.438233
0.126800
0.724367
0.448033
0.608933
0.511900
0.581300
0.484100
0.452967
0.375000
0.660733
0.412667
0.490800
0.486333
0.922167
0.604700
0.477900
0.469067
0.505633
0.675200
0.552833
0.486033
0.622667
0.682067
0.630900
0.925333
0.456167
0.530667
0.505467
0.331067
0.772300
0.722100
0.426333
0.620967
0.505600
0.437067
0.287233
0.511200
0.397433
0.160600
0.415333
0.510467
0.550333
0.206433
0.597133
0.516300
0.518167
0.541700
0.450200
0.581200
0.517033
0.625100
0.624033
0.636833
0.795100
0.675167
0.488467
0.664600
0.686267
0.872667
0.667333
0.297933
0.455600
0.224100
0.892900
0.602533
0.509900
0.475667
0.552967
0.725867
0.591167
0.391467
0.550333
0.737867
0.485867
0.530233
0.299167
0.446633
0.609067
0.523633
0.671033
0.492533
0.690333
0.647333
0.573500
0.214133
0.757000
0.558700
0.435067
0.112800
0.463500
0.661967
0.450633
0.408633
0.535767
0.762467
0.468867
0.481200
0.619400
0.502433
0.607767
0.785333
0.683933
0.813600
0.552400
0.499100
0.460533
0.469333
0.680767
0.525267
0.252533
0.214900
0.441767
0.431667
0.433633
0.478067
0.425800
0.528433
0.718433
0.452833
0.220533
0.465667
0.826733
0.498967
0.459133
0.399300
0.501733
0.453133
0.508933
0.512100
0.412100
0.625700
0.344733
0.664000
0.946067
0.593533
0.752633
0.916433
0.980433
0.463333
0.570133
0.786467
0.600367
0.734133
0.433467
0.665333
0.633000
0.697167
0.415967
0.479233
0.502933
0.471200
0.719267
0.519833
0.571233
0.471867
0.517800
0.527667
0.708800
0.459900
0.481100
0.879067
0.506200
0.860800
0.815233
0.989200
0.058500
0.506267
0.489600
0.760000
0.554667
0.523200
0.506900
0.639867
0.475200
0.503700
0.486400
0.119533
0.513167
0.714733
0.725633
0.322867
0.739533
0.641900
0.460167
0.544200
0.673967
0.512667
0.466167
0.211000
0.377300
0.458733
0.503833
0.475567
0.452900
0.459867
0.478200
0.111267
0.553933
0.111433
0.789400
0.813733
0.559733
0.300667
0.534500
0.855733
0.666500
0.434633
0.410367
0.528300
0.658833
0.490533
0.560800
0.247333
0.488967
0.579700
0.443400
0.403767
0.530433
0.132100
0.218167
0.461333
0.633267
0.480200
0.455000
0.441767
0.481400
0.432967
0.484367
0.454533
0.866133
0.193333
0.732400
0.496133
0.407767
0.462467
0.498500
0.377067
0.412633
0.409133
0.506467
0.681200
0.461300
0.481700
0.530967
0.480200
0.452467
0.600500
0.793700
0.584767
0.442300
0.764567
0.380567
0.508500
0.479800
0.538667
0.756500
0.479533
0.476067
0.764067
0.288500
0.475433
0.588533
0.696067
0.472400
0.462967
0.514233
0.516967
0.429167
0.790667
0.456067
0.459167
0.631233
0.100000
0.460033
0.496033
0.626067
0.459833
0.237000
0.497267
0.459600
0.257033
0.513900
0.485133
0.466333
0.635867
0.550833
0.476300
0.623033
0.591000
0.817200
0.475100
0.494100
0.289000
0.489467
0.472200
0.475733
0.503933
0.178067
0.247667
0.632633
0.716567
0.650667
0.608100
0.582900
0.593833
0.552500
0.146000
0.084500
0.503467
0.474067
0.457467
0.291433
0.472700
0.772100
0.438267
0.158933
0.865100
0.046500
0.446300
0.521667
0.768733
0.404267
0.467567
0.493433
0.494667
0.491833
0.522233
0.496667
0.234200
0.550600
0.529333
0.724667
0.736633
0.531500
0.104633
0.562767
0.479433
0.531933
0.680100
0.557567
0.481233
0.577500
0.884833
0.509667
0.503833
0.598467
0.740633
0.863133
0.442867
0.704433
0.784533
0.937833
0.538867
0.430833
0.441900
0.450733
0.513000
0.485133
0.872600
0.486800
0.490833
0.658133
0.956100
0.517733
0.607767
0.497000
0.254000
0.770067
0.571933
0.773200
0.522067
0.569200
0.645800
0.423733
0.469000
0.986000
0.488900
0.461833
0.677500
0.753367
0.463467
0.164700
0.339800
0.524200
0.839833
0.459567
0.635633
0.541200
0.439033
0.537067
0.700500
0.513267
0.512633
0.456800
0.321233
0.595300
0.336900
0.443800
0.905033
0.234033
0.550033
0.556200
0.562500
0.525167
0.595033
0.363600
0.538767
0.423533
0.489667
0.485633
0.791533
0.851233
0.495967
0.552533
0.555600
0.688433
0.697833
0.480000
0.086733
0.574200
0.396500
0.506267
0.482467
0.595633
0.825900
0.478867
0.505333
0.309000
0.781533
0.900133
0.439833
0.528667
0.411667
0.830800
0.497767
0.403333
0.978800
0.506567
0.618167
0.451967
0.415600
0.538733
0.629633
0.747667
0.486300
0.664300
0.423100
0.649900
0.482067
0.727100
0.384300
0.432067
0.345400
0.411600
0.474200
0.529700
0.560667
0.494833
0.536933
0.510900
0.494500
0.473700
0.477033
0.622800
0.508033
0.526833
0.801000
0.697267
0.040667
0.828767
0.484267
0.620733
0.416267
0.429500
0.653433
0.533167
0.812600
0.351933
0.515533
0.377167
0.357333
0.572833
0.451000
0.347867
0.464900
0.442000
0.497733
0.516867
0.713467
0.422400
0.117000
0.457800
0.611767
0.555467
0.477600
0.486267
0.504100
0.488100
0.529933
0.071800
0.459933
0.350600
0.281867
0.536800
0.329033
0.458167
0.473267
0.271767
0.576333
0.943933
0.613233
0.474867
0.373600
0.361033
0.597733
0.497800
0.497200
0.770500
0.506467
0.451267
0.714333
0.670333
0.527867
0.494900
0.825800
0.844433
0.841600
0.840167
0.199467
0.866367
0.541533
0.962500
0.519567
0.610133
0.520267
0.443933
0.325500
0.522100
0.089433
0.840700
0.419333
0.492067
0.721167
0.510933
0.458300
0.468367
0.319533
0.626033
0.496867
0.125333
0.722000
0.786267
0.563733
0.804167
0.570700
0.516733
0.519600
0.856900
0.456000
0.682367
0.814400
0.626900
0.737167
0.702533
0.525333
0.481533
0.490700
0.693200
0.127167
0.649467
0.282400
0.607467
0.773033
0.645233
0.377633
0.667200
0.454067
0.061900
0.496567
0.433467
0.417267
0.453467
0.435300
0.489967
0.935333
0.442933
0.388167
0.844000
0.472733
0.531600
0.536033
0.448667
0.837433
0.225100
0.299633
0.516900
0.866133
0.525433
0.554400
0.475567
0.812833
0.586200
0.607367
0.496967
0.592367
0.641800
0.923733
0.396500
0.764367
0.485967
0.494167
0.461900
0.438800
0.483933
0.757567
0.576067
0.975500
0.450200
0.559633
0.674133
0.653800
0.920500
0.513300
0.562300
0.437067
0.550700
0.494600
0.817300
0.421700
0.308200
0.550333
0.799700
0.103833
0.716300
0.507733
0.303200
0.634233
0.471967
0.386833
0.479867
0.460367
0.442800
0.513100
0.203800
0.561433
0.555867
0.704133
0.894633
0.473833
0.197700
0.324367
0.865900
0.511433
0.440733
0.545533
0.683500
0.435833
0.639800
0.594467
0.765867
0.753467
0.475100
0.482533
0.807300
0.424300
0.214767
0.477067
0.460633
0.072600
0.443967
0.516333
0.507700
0.429933
0.483967
0.502167
0.465133
0.565567
0.400367
0.478000
0.975000
0.532267
0.226933
0.626500
0.627267
0.683633
0.489767
0.496100
0.516500
0.735667
0.510300
0.777700
0.455800
0.471133
0.630967
0.635233
0.163800
0.498200
0.441700
0.445967
0.417967
0.713500
0.492933
0.441133
0.954167
0.103100
0.605200
0.620533
0.306733
0.450133
0.355167
0.637900
0.480600
0.644300
0.498333
0.219533
0.483133
0.778367
0.455900
0.387233
0.622000
0.683600
0.121033
0.417000
0.279467
0.393067
0.916733
0.159133
0.267933
0.442800
0.955933
0.465367
0.444933
0.779900
0.884500
0.503867
0.351433
0.448833
0.473000
0.496933
0.549000
0.388200
0.586567
0.713867
0.529800
0.962000
0.516600
0.597267
0.498600
0.388367
0.281567
0.551833
0.438667
0.120267
0.535433
0.473867
0.476400
0.540500
0.522367
0.445133
0.501267
0.675333
0.466000
0.724467
0.481900
0.697533
0.508500
0.497067
0.566767
0.193300
0.574567
0.070333
0.626100
0.718000
0.321433
0.517133
0.556767
0.501900
0.960300
0.466267
0.479133
0.756967
0.560767
0.437767
0.426433
0.630100
0.530633
0.507500
0.686133
0.774033
0.680467
0.447533
0.470300
0.519600
0.964000
0.682000
0.761733
0.711200
0.317300
0.264500
0.874333
0.138233
0.534433
0.501267
0.600433
0.599433
0.448267
0.712833
0.901100
0.430200
0.502300
0.521867
0.653600
0.487333
0.546067
0.542567
0.244567
0.533933
0.511000
0.143167
0.297200
0.248933
0.450233
0.549967
0.697500
0.489767
0.460033
0.529367
0.458267
0.387933
0.489367
0.566000
0.554100
0.532033
0.476333
0.551000
0.453433
0.591533
0.534733
0.821333
0.888700
0.519200
0.112400
0.395733
0.526533
0.605167
0.496167
0.576400
0.488433
0.662967
0.619833
0.730933
0.561367
0.436267
0.887767
0.738700
0.291667
0.522333
0.455767
0.505933
0.443300
0.453633
0.676933
0.425567
0.507900
0.471267
0.985500
0.491967
0.807467
0.496367
0.574633
0.857100
0.881100
0.851667
0.442300
0.758100
0.885633
0.369900
0.564467
0.408500
0.448000
0.485200
0.157633
0.388433
0.636067
0.420233
0.560500
0.729033
0.498800
0.732000
0.496967
0.748700
0.811000
0.598900
0.438067
0.604700
0.443200
0.522133
0.564100
0.913100
0.481200
0.529500
0.516500
0.290967
0.514267
0.647100
0.452300
0.462233
0.166733
0.477833
0.419333
0.423567
0.677200
0.674433
0.587300
0.497500
0.322700
0.629600
0.604467
0.556467
0.591333
0.942500
0.430867
0.543400
0.471100
0.503433
0.469667
0.667233
0.355067
0.504267
0.730500
0.567500
0.582233
0.502500
0.542367
0.463067
0.507200
0.481600
0.631033
0.462733
0.491067
0.472700
0.576133
0.428167
0.479133
0.496333
0.526000
0.687000
0.165167
0.210233
0.505067
0.675833
0.781267
0.712067
0.909067
0.476133
0.800300
0.641767
0.696800
0.526700
0.348767
0.121300
0.695067
0.698467
0.605233
0.522700
0.102167
0.085500
0.658333
0.536433
0.507100
0.503067
0.635700
0.494633
0.456167
0.430633
0.393100
0.472733
0.471167
0.386100
0.958267
0.253533
0.471300
0.413333
0.430467
0.623133
0.436933
0.294867
0.463267
0.503667
0.364100
0.722067
0.826467
0.512067
0.574733
0.503433
0.486167
0.211267
0.387067
0.629667
0.912000
0.441900
0.348433
0.532200
0.601933
0.846967
0.566467
0.769433
0.466100
0.497600
0.369233
0.681433
0.971867
0.489633
0.643767
0.946000
0.525533
0.432433
0.589033
0.586667
0.663867
0.072333
0.505167
0.611500
0.068900
0.827333
0.244000
0.356533
0.093933
0.336000
0.554600
0.891233
0.335600
0.944133
0.705867
0.509533
0.903367
0.648200
0.495133
0.583633
0.483967
0.660500
0.519433
0.489067
0.137733
0.540000
0.487067
0.529067
0.517167
0.484300
0.602200
0.596767
0.668533
0.910767
0.409233
0.274067
0.399600
0.853833
0.502533
0.499133
0.473300
0.273300
0.461667
0.800633
0.522200
0.525367
0.451800
0.495000
0.621867
0.396000
0.522933
0.538200
0.132100
0.480567
0.465500
0.297467
0.467067
0.545300
0.512967
0.549967
0.649867
0.856967
0.580967
0.693900
0.449233
0.906433
0.664400
0.511367
0.185467
0.488067
0.699233
0.523367
0.835033
0.318233
0.478533
0.527833
0.462233
0.469867
0.560900
0.495300
0.347233
0.603733
0.775367
0.469900
0.464767
0.912333
0.758867
0.294233
0.569800
0.039500
0.431933
0.666067
0.474200
0.670767
0.477833
0.522200
0.918400
0.498167
0.488233
0.679233
0.792133
0.367667
0.485633
0.464600
0.305000
0.644467
0.500200
0.500700
0.863500
0.433633
0.769400
0.393533
0.886767
0.857633
0.943600
0.940567
0.489000
0.590033
0.563700
0.474033
0.365333
0.465100
0.165267
0.501067
0.439367
0.470367
0.556167
0.245267
0.481700
0.698633
0.489433
0.677567
0.482033
0.691467
0.457500
0.492767
0.537300
0.467700
0.796933
0.661233
0.456533
0.706733
0.621633
0.569333
0.488767
0.434567
0.442300
0.482400
0.834167
0.247033
0.429167
0.261900
0.838533
0.269067
0.221267
0.633133
0.462367
0.331367
0.553133
0.758367
0.417300
0.558933
0.427333
0.848967
0.373600
0.946233
0.668633
0.497467
0.717800
0.066000
0.228867
0.543567
0.577133
0.486000
0.478533
0.532733
0.717733
0.579167
0.429733
0.416800
0.771367
0.804867
0.427067
0.716467
0.595767
0.666867
0.211800
0.424267
0.568900
0.485133
0.475867
0.267467
0.441700
0.348067
0.510867
0.411800
0.474267
0.516667
0.668567
0.106733
0.405900
0.635567
0.591667
0.663333
0.646467
0.484067
0.498600
0.471067
0.719167
0.429500
0.322833
0.563333
0.953000
0.461367
0.156533
0.114767
0.602267
0.719100
0.467667
0.805267
0.483667
0.467933
0.171867
0.534467
0.229100
0.515400
0.712633
0.071500
0.077400
0.553267
0.412400
0.357100
0.702167
0.472100
0.514133
0.841633
0.497333
0.465200
0.805133
0.534333
0.210933
0.651467
0.468067
0.764400
0.387733
0.730400
0.614167
0.534033
0.544933
0.511033
0.489033
0.570533
0.739567
0.316567
0.603333
0.345167
0.520333
0.453367
0.733333
0.067100
0.418767
0.514667
0.470767
0.576700
0.522467
0.821033
0.459333
0.501333
0.389333
0.424567
0.333867
0.767200
0.675900
0.498833
